discount factor = 2
cumulative_rewards:   [7.0, 7.0, 7.0, 7.0, 7.0, 7.0, 7.0, 7.0, 7.0, 7.0, 7.0, 7.0, 7.0,7.0, 3.0, 1.0]
discount_cum_next_st: [4, 4, 4, 4, 4, 4, 4, 4, 4, 4, 4, 4, 4, 4, 2, 0]
batch_actions:        [0, 0, 1, 1, 1, 1, 0, 1, 1, 1, 0, 1, 0, 1, 1, 1]
batch_states:  [array([-0.03989699, -0.01164611, -0.04416545,  0.02175319]), 
                array([-0.04012991, -0.20610777, -0.04373039,  0.30018082]), 
                array([-0.04425207, -0.40058001, -0.03772677,  0.57875767]), 
                array([-0.05226367, -0.20495021, -0.02615162,  0.27443272]), 
                array([-0.05636267, -0.00946508, -0.02066296, -0.02638241]), 
                array([-0.05655197,  0.18594701, -0.02119061, -0.32551244]), 
                array([-0.05283303,  0.38136416, -0.02770086, -0.62480194]), 
                array([-0.04520575,  0.18663966, -0.0401969 , -0.34097026]), 
                array([-0.04147296,  0.3823098 , -0.04701631, -0.64605307]), 
                array([-0.03382676,  0.57805426, -0.05993737, -0.95316301]), 
                array([-0.02226567,  0.77392922, -0.07900063, -1.26405889]), 
                array([-0.00678709,  0.57990095, -0.10428181, -0.99712624]), 
                array([ 0.00481093,  0.77625099, -0.12422433, -1.32065464]), 
                array([ 0.02033595,  0.58289869, -0.15063742, -1.06928922]), 
                array([ 0.03199392,  0.77965684, -0.17202321, -1.4052043 ]), 
                array([ 0.04758706,  0.9764458 , -0.20012729, -1.74635673])]
cumulative_next_states:  [array([-0.04425207, -0.40058001, -0.03772677,  0.57875767]),
                         array([-0.05226367, -0.20495021, -0.02615162,  0.27443272]), 
                         array([-0.05636267, -0.00946508, -0.02066296, -0.02638241]), 
                         array([-0.05655197,  0.18594701, -0.02119061, -0.32551244]), 
                         array([-0.05283303,  0.38136416, -0.02770086, -0.62480194]), 
                         array([-0.04520575,  0.18663966, -0.0401969 , -0.34097026]), 
                         array([-0.04147296,  0.3823098 , -0.04701631, -0.64605307]), 
                         array([-0.03382676,  0.57805426, -0.05993737, -0.95316301]), 
                         array([-0.02226567,  0.77392922, -0.07900063, -1.26405889]), 
                         array([-0.00678709,  0.57990095, -0.10428181, -0.99712624]), 
                         array([ 0.00481093,  0.77625099, -0.12422433, -1.32065464]), 
                         array([ 0.02033595,  0.58289869, -0.15063742, -1.06928922]), 
                         array([ 0.03199392,  0.77965684, -0.17202321, -1.4052043 ]), 
                         array([ 0.04758706,  0.9764458 , -0.20012729, -1.74635673]), 
                         array([ 0.04758706,  0.9764458 , -0.20012729, -1.74635673]), 
                         array([ 0.04758706,  0.9764458 , -0.20012729, -1.74635673])]
